proj:       3
zone:       0
north:      43:03:38.88N
south:      37:26:34.08N
east:       119:30:54E
west:       113:25:22.8E
cols:       1462
rows:       1348
e-w resol:  0:00:15.000821
n-s resol:  0:00:15.003561
top:        1.000000000000000
bottom:     0.000000000000000
cols3:      1462
rows3:      1348
depths:     1
e-w resol3: 0:00:15.000821
n-s resol3: 0:00:15.003561
t-b resol:  1
