proj:       3
zone:       0
north:      43:03:38.88N
south:      37:26:34.08N
east:       119:30:54E
west:       113:25:22.8E
cols:       609
rows:       562
e-w resol:  0:00:36.011823
n-s resol:  0:00:35.987189
format:     -1
compressed: 2
